V1 P1 4 9 7 5 10
V2 P2 3 5 2 10 3
V3 P3 6 9 3 4 8
V4 P4 8 3 9 4 1
V5 P5 1 10 3 7 5
V6 P6 7 2 6 10 6
V7 P7 7 4 5 9 3
V8 P8 10 8 6 9 10
V9 P9 1 10 8 5 8
V10 P10 2 9 3 6 6
V11 P11 9 4 1 1 8
V12 P12 3 2 2 5 2
V13 P13 9 1 1 8 6
V14 P14 2 10 2 6 8
V15 P15 7 4 7 6 7
V16 P16 1 8 10 4 3
V17 P17 7 5 5 3 7
V18 P18 1 9 5 7 5
V19 P19 10 10 1 2 1
V20 P20 4 6 4 1 1
V21 P21 10 10 6 2 9
V22 P22 1 8 6 9 8
V23 P23 1 3 10 3 3
V24 P24 2 5 7 5 2
V25 P25 3 5 7 8 2
V26 P26 3 10 4 7 8
V27 P27 8 3 1 3 10
V28 P28 8 2 3 4 1
V29 P29 1 7 2 1 4
V30 P30 7 1 2 3 5
V31 P31 7 7 2 3 5
V32 P32 3 10 4 10 5
V33 P33 9 10 8 9 2
V34 P34 4 3 10 8 4
V35 P35 6 5 7 5 3
V36 P36 4 4 5 9 5
V37 P37 9 7 10 2 2
V38 P38 6 4 2 1 2
V39 P39 9 1 2 5 1
V40 P40 5 8 7 1 10
V41 P41 2 5 2 2 3
V42 P42 8 9 3 10 9
V43 P43 6 5 9 10 8
V44 P44 5 7 3 10 10
V45 P45 8 2 5 6 8
V46 P46 10 3 1 4 5
V47 P47 4 1 2 10 7
V48 P48 4 3 7 5 2
V49 P49 2 6 7 5 4
V50 P50 5 3 6 5 2
V51 P51 3 5 9 7 2
V52 P52 2 8 7 2 3
V53 P53 1 1 7 9 8
V54 P54 8 10 4 10 7
V55 P55 10 1 4 3 9
V56 P56 3 1 5 9 2
V57 P57 2 2 5 4 6
V58 P58 5 10 3 8 5
V59 P59 10 6 8 8 2
V60 P60 1 9 8 5 2
V61 P61 10 2 4 7 5
V62 P62 6 5 2 2 10
V63 P63 9 7 4 7 9
V64 P64 1 6 7 5 1
V65 P65 2 4 10 4 4
V66 P66 9 6 10 6 1
V67 P67 6 5 2 3 8
V68 P68 3 8 4 3 4
V69 P69 6 7 4 4 1
V70 P70 3 8 10 9 2
V71 P71 4 10 10 2 9
V72 P72 1 8 4 5 3
V73 P73 7 9 6 3 10
V74 P74 2 5 7 2 10
V75 P75 1 3 8 6 7
V76 P76 8 3 10 10 8
V77 P77 8 4 6 2 2
V78 P78 6 6 5 3 3
V79 P79 6 2 2 4 1
V80 P80 4 1 10 8 4
V81 P81 1 6 1 8 6
V82 P82 9 5 4 10 10
V83 P83 9 7 9 2 7
V84 P84 8 2 9 1 3
V85 P85 5 3 7 10 6
V86 P86 8 4 7 5 10
V87 P87 5 5 6 7 2
V88 P88 8 10 8 4 2
V89 P89 9 7 9 1 10
V90 P90 10 10 3 1 6
V91 P91 5 4 6 3 2
V92 P92 3 10 9 8 4
V93 P93 10 3 2 1 3
V94 P94 5 6 7 2 9
V95 P95 8 3 1 3 10
V96 P96 9 7 6 10 3
V97 P97 2 8 4 7 7
V98 P98 8 9 7 4 10
V99 P99 4 8 9 2 4
V100 P100 7 3 3 5 2
V101 P101 6 1 9 2 1
V102 P102 4 8 9 3 9
V103 P103 10 3 7 9 5
V104 P104 6 9 10 7 4
V105 P105 8 2 9 8 2
V106 P106 4 4 10 2 1
V107 P107 1 1 10 4 8
V108 P108 3 2 5 4 10
V109 P109 2 2 2 3 2
V110 P110 3 7 3 9 3
V111 P111 3 6 3 5 6
V112 P112 3 1 9 6 2
V113 P113 3 3 9 2 2
V114 P114 2 7 10 4 10
V115 P115 9 6 1 5 10
V116 P116 8 9 9 4 6
V117 P117 7 9 7 2 9
V118 P118 8 2 5 2 6
V119 P119 10 8 8 6 4
V120 P120 9 2 2 5 9
V121 P121 5 3 5 10 3
V122 P122 8 10 6 9 1
V123 P123 1 8 8 10 3
V124 P124 1 8 8 5 7
V125 P125 5 10 10 1 8
V126 P126 2 10 10 7 5
V127 P127 4 10 4 2 8
V128 P128 6 9 7 10 7
V129 P129 5 10 10 10 7
V130 P130 9 1 2 7 6
V131 P131 3 7 6 8 9
V132 P132 2 2 8 10 2
V133 P133 3 10 9 4 6
V134 P134 3 6 4 9 5
V135 P135 8 6 2 6 1
V136 P136 10 10 4 9 2
V137 P137 5 5 4 1 7
V138 P138 1 9 4 10 1
V139 P139 10 8 4 10 8
V140 P140 8 3 9 2 5
V141 P141 1 7 8 9 10
V142 P142 10 10 7 5 10
V143 P143 9 3 5 4 2
V144 P144 2 1 2 7 9
V145 P145 7 4 6 9 3
V146 P146 3 7 5 6 9
V147 P147 6 10 2 4 4
V148 P148 8 10 1 1 1
V149 P149 10 2 10 7 7
V150 P150 9 8 6 2 4
V151 P151 8 3 9 6 1
V152 P152 7 5 10 5 1
V153 P153 7 6 4 8 2
V154 P154 1 5 2 5 8
V155 P155 7 8 3 8 7
V156 P156 6 5 10 4 2
V157 P157 4 3 3 3 7
V158 P158 10 5 10 3 8
V159 P159 10 10 3 10 10
V160 P160 8 8 3 9 1
V161 P161 6 9 10 2 1
V162 P162 10 4 7 1 10
V163 P163 10 8 4 6 8
V164 P164 9 8 2 8 2
V165 P165 2 5 1 1 2
V166 P166 9 5 4 10 10
V167 P167 4 3 2 9 2
V168 P168 4 9 5 3 4
V169 P169 7 5 6 3 2
V170 P170 3 10 10 8 10
V171 P171 3 2 10 8 4
V172 P172 3 6 1 5 6
V173 P173 8 8 5 1 4
V174 P174 10 5 3 2 5
V175 P175 8 7 10 4 1
V176 P176 10 3 6 9 1
V177 P177 6 9 1 4 9
V178 P178 2 2 5 4 10
V179 P179 8 2 7 7 8
V180 P180 9 8 1 1 7
V181 P181 5 7 5 1 10
V182 P182 4 10 2 2 1
V183 P183 1 10 5 8 2
V184 P184 9 4 7 4 1
V185 P185 6 4 7 10 8
V186 P186 4 10 6 4 2
V187 P187 2 5 10 2 10
V188 P188 5 2 3 5 3
V189 P189 6 3 4 5 9
V190 P190 9 10 4 1 7
V191 P191 3 4 6 10 7
V192 P192 4 5 6 7 10
V193 P193 6 1 9 1 2
V194 P194 5 2 7 6 4
V195 P195 1 9 10 3 4
V196 P196 3 1 5 5 2
V197 P197 10 5 3 4 5
V198 P198 8 1 1 5 10
V199 P199 7 7 9 1 6
V200 P200 1 2 2 9 5
V201 P201 9 10 4 2 8
V202 P202 2 3 2 8 5
V203 P203 3 7 4 4 9
V204 P204 7 8 9 8 9
V205 P205 2 1 6 10 5
V206 P206 8 6 6 9 2
V207 P207 2 10 3 6 5
V208 P208 8 8 1 2 3
V209 P209 8 10 3 1 9
V210 P210 5 5 5 3 3
V211 P211 5 6 6 9 8
V212 P212 1 2 2 10 7
V213 P213 7 10 10 7 7
V214 P214 4 3 7 6 8
V215 P215 10 3 10 2 10
V216 P216 5 4 4 1 5
V217 P217 8 3 6 8 4
V218 P218 9 6 8 8 2
V219 P219 10 10 7 9 6
V220 P220 1 9 2 9 2
V221 P221 7 4 10 5 8
V222 P222 9 9 2 9 4
V223 P223 1 7 6 9 6
V224 P224 10 3 6 1 6
V225 P225 3 2 9 8 9
V226 P226 6 9 8 7 1
V227 P227 4 10 3 10 3
V228 P228 7 9 9 5 9
V229 P229 9 7 10 9 3
V230 P230 6 3 4 10 1
V231 P231 4 1 10 9 10
V232 P232 2 5 9 6 2
V233 P233 5 9 7 4 1
V234 P234 5 5 2 10 1
V235 P235 8 7 3 2 4
V236 P236 7 4 9 2 6
V237 P237 9 9 7 2 3
V238 P238 6 3 1 3 8
V239 P239 6 4 6 4 9
V240 P240 4 7 9 6 9
V241 P241 5 7 7 4 6
V242 P242 6 6 8 7 3
V243 P243 5 5 7 3 9
V244 P244 10 1 5 8 5
V245 P245 7 8 2 5 3
V246 P246 8 1 2 2 10
V247 P247 2 3 1 4 10
V248 P248 7 1 2 9 2
V249 P249 10 7 1 1 4
V250 P250 7 10 1 8 2
V251 P251 4 8 7 3 2
V252 P252 3 7 6 4 4
V253 P253 10 9 2 10 2
V254 P254 1 4 3 9 8
V255 P255 6 10 10 6 1
V256 P256 7 9 5 10 3
V257 P257 7 10 7 1 3
V258 P258 6 10 8 9 10
V259 P259 3 2 5 5 6
V260 P260 4 8 10 7 3
V261 P261 6 8 6 4 4
V262 P262 6 5 10 1 5
V263 P263 5 2 5 2 2
V264 P264 1 6 10 1 2
V265 P265 1 9 8 10 7
V266 P266 3 5 9 1 9
V267 P267 6 2 8 4 7
V268 P268 10 6 3 9 5
V269 P269 5 1 3 5 8
V270 P270 3 4 4 6 2
V271 P271 4 3 5 2 3
V272 P272 5 9 10 4 10
V273 P273 10 9 7 10 3
V274 P274 7 10 6 2 9
V275 P275 5 5 9 9 6
V276 P276 8 9 3 1 2
V277 P277 4 5 2 5 3
V278 P278 10 6 3 8 2
V279 P279 10 2 10 5 7
V280 P280 3 2 5 1 6
V281 P281 8 8 5 6 8
V282 P282 7 6 4 5 5
V283 P283 1 9 9 4 5
V284 P284 1 2 10 2 6
V285 P285 5 4 8 10 1
V286 P286 4 9 1 1 6
V287 P287 8 10 4 3 4
V288 P288 7 8 7 10 6
V289 P289 8 10 3 9 1
V290 P290 3 4 6 6 9
V291 P291 1 10 7 3 6
V292 P292 3 5 9 4 9
V293 P293 6 8 2 5 4
V294 P294 7 9 8 9 3
V295 P295 7 2 9 2 7
V296 P296 1 7 8 5 7
V297 P297 3 1 6 1 4
V298 P298 9 2 7 2 9
V299 P299 6 9 3 7 2
V300 P300 4 8 4 10 7
V301 P301 9 5 5 3 4
V302 P302 9 9 3 9 2
V303 P303 7 8 4 7 5
V304 P304 2 2 9 4 3
V305 P305 3 6 5 10 7
V306 P306 10 7 3 7 8
V307 P307 5 5 9 6 5
V308 P308 8 7 7 3 2
V309 P309 1 2 2 2 8
V310 P310 9 8 5 9 1
V311 P311 4 1 2 4 3
V312 P312 3 1 6 8 8
V313 P313 3 7 4 3 9
V314 P314 7 4 5 8 4
V315 P315 5 10 4 1 7
V316 P316 6 6 7 1 1
V317 P317 3 6 2 8 7
V318 P318 8 9 7 6 7
V319 P319 6 6 10 6 5
V320 P320 5 8 1 8 6
V321 P321 7 8 7 6 6
V322 P322 4 5 5 4 2
V323 P323 8 8 6 5 10
V324 P324 4 3 10 4 7
V325 P325 6 5 7 2 10
V326 P326 7 3 2 10 6
V327 P327 5 8 8 7 6
V328 P328 10 10 9 5 3
V329 P329 1 10 6 3 8
V330 P330 8 1 1 2 6
V331 P331 7 6 8 6 6
V332 P332 9 3 4 1 10
V333 P333 7 3 6 8 4
V334 P334 8 6 5 7 10
V335 P335 1 8 5 7 5
V336 P336 2 2 10 7 8
V337 P337 10 3 10 5 10
V338 P338 8 5 2 8 10
V339 P339 1 4 6 10 9
V340 P340 4 2 8 3 1
V341 P341 1 10 4 6 4
V342 P342 4 8 10 8 4
V343 P343 4 10 8 10 5
V344 P344 3 3 7 9 2
V345 P345 8 4 6 5 4
V346 P346 1 3 3 4 2
V347 P347 9 4 5 8 4
V348 P348 9 5 1 3 8
V349 P349 10 10 6 9 5
V350 P350 7 6 7 3 6
V351 P351 3 5 3 7 4
V352 P352 2 2 3 5 5
V353 P353 4 8 10 10 8
V354 P354 10 1 4 7 1
V355 P355 10 10 3 9 4
V356 P356 4 4 9 5 2
V357 P357 6 1 10 6 7
V358 P358 2 1 6 10 8
V359 P359 10 3 3 9 6
V360 P360 3 9 6 10 1
V361 P361 8 9 8 9 6
V362 P362 9 7 6 4 8
V363 P363 2 2 5 8 7
V364 P364 4 5 6 7 3
V365 P365 9 4 10 5 7
V366 P366 5 4 3 6 3
V367 P367 5 10 7 2 1
V368 P368 7 8 4 6 3
V369 P369 4 1 9 7 5
V370 P370 7 8 8 4 9
V371 P371 2 8 10 6 6
V372 P372 8 2 10 5 7
V373 P373 1 6 1 6 9
V374 P374 9 5 9 4 9
V375 P375 7 8 4 6 6
V376 P376 6 10 7 6 3
V377 P377 1 6 2 9 8
V378 P378 10 8 1 5 6
V379 P379 9 10 9 1 4
V380 P380 3 3 8 5 1
V381 P381 2 6 7 10 6
V382 P382 9 2 3 9 8
V383 P383 1 2 3 2 1
V384 P384 6 10 6 7 2
V385 P385 7 9 2 6 9
V386 P386 3 4 6 7 4
V387 P387 4 7 4 3 3
V388 P388 4 4 10 9 3
V389 P389 8 9 8 7 6
V390 P390 1 9 1 4 10
V391 P391 10 3 2 8 5
V392 P392 1 9 10 4 4
V393 P393 5 7 9 8 10
V394 P394 9 8 1 4 5
V395 P395 9 9 8 2 8
V396 P396 2 4 6 9 9
V397 P397 10 7 4 2 6
V398 P398 7 2 6 1 6
V399 P399 9 1 8 4 8
V400 P400 9 3 7 8 4
V401 P401 6 7 1 2 5
V402 P402 6 4 5 5 9
V403 P403 5 2 7 5 6
V404 P404 10 2 9 7 8
V405 P405 8 7 6 9 7
V406 P406 7 10 8 7 4
V407 P407 3 2 7 5 3
V408 P408 6 3 6 9 5
V409 P409 4 5 5 10 7
V410 P410 5 6 4 2 6
V411 P411 1 7 5 3 10
V412 P412 2 1 1 8 9
V413 P413 1 9 4 2 2
V414 P414 4 5 1 6 2
V415 P415 7 8 7 5 10
V416 P416 4 8 5 3 3
V417 P417 3 3 4 8 9
V418 P418 3 7 5 4 10
V419 P419 6 6 8 2 8
V420 P420 2 5 5 9 7
V421 P421 9 10 10 8 4
V422 P422 10 9 10 8 3
V423 P423 7 1 1 10 2
V424 P424 3 7 6 1 1
V425 P425 10 8 9 7 9
V426 P426 2 1 9 2 10
V427 P427 6 6 9 7 10
V428 P428 2 10 7 2 8
V429 P429 8 1 5 2 6
V430 P430 6 1 3 3 3
V431 P431 6 6 5 5 10
V432 P432 5 10 5 5 3
V433 P433 2 7 4 2 3
V434 P434 9 1 4 7 10
V435 P435 6 6 4 8 3
V436 P436 2 7 4 5 9
V437 P437 7 10 6 2 7
V438 P438 8 2 2 6 8
V439 P439 3 5 3 7 8
V440 P440 2 10 1 2 2
V441 P441 8 10 8 3 7
V442 P442 3 5 8 6 3
V443 P443 1 7 6 4 8
V444 P444 5 2 8 6 9
V445 P445 7 10 2 2 5
V446 P446 9 4 8 2 9
V447 P447 7 7 5 10 2
V448 P448 9 7 6 2 4
V449 P449 1 5 1 8 1
V450 P450 5 1 8 3 9
V451 P451 9 4 6 6 6
V452 P452 1 7 1 10 1
V453 P453 4 7 8 4 3
V454 P454 1 1 3 2 7
V455 P455 2 1 1 10 10
V456 P456 6 1 4 3 1
V457 P457 7 5 4 10 2
V458 P458 9 6 4 3 4
V459 P459 3 10 8 10 2
V460 P460 1 5 6 7 4
V461 P461 7 3 3 1 3
V462 P462 8 7 8 9 7
V463 P463 6 7 10 2 6
V464 P464 9 6 4 1 5
V465 P465 7 2 7 4 4
V466 P466 4 5 5 4 2
V467 P467 3 4 5 7 6
V468 P468 5 5 1 8 7
V469 P469 5 5 5 1 9
V470 P470 5 1 7 2 9
V471 P471 6 2 4 7 3
V472 P472 2 6 8 8 5
V473 P473 5 3 6 5 4
V474 P474 1 3 3 10 8
V475 P475 5 5 10 8 2
V476 P476 3 4 4 9 7
V477 P477 8 3 3 1 5
V478 P478 9 8 8 3 10
V479 P479 9 1 2 1 10
V480 P480 7 7 5 9 3
V481 P481 6 4 5 7 7
V482 P482 7 6 8 10 10
V483 P483 5 10 3 9 7
V484 P484 7 1 10 4 10
V485 P485 4 10 2 8 3
V486 P486 1 9 9 6 2
V487 P487 7 5 7 5 4
V488 P488 10 9 9 10 9
V489 P489 4 2 4 2 1
V490 P490 1 3 3 2 5
V491 P491 8 10 3 8 9
V492 P492 10 8 1 5 10
V493 P493 9 1 1 8 9
V494 P494 8 6 8 7 6
V495 P495 6 9 6 2 7
V496 P496 5 5 4 9 7
V497 P497 5 8 2 5 4
V498 P498 10 8 1 4 10
V499 P499 9 9 2 4 6
V500 P500 9 5 6 5 9
V501 P501 10 2 9 4 2
V502 P502 9 9 2 7 2
V503 P503 9 6 7 2 4
V504 P504 7 9 1 5 5
V505 P505 8 9 5 5 7
V506 P506 5 5 2 3 7
V507 P507 9 10 6 3 7
V508 P508 2 2 4 4 7
V509 P509 4 6 6 10 5
V510 P510 9 1 5 4 3
V511 P511 7 9 8 5 9
V512 P512 2 2 2 6 9
V513 P513 5 4 7 6 4
V514 P514 6 10 8 2 4
V515 P515 5 4 10 10 4
V516 P516 4 4 3 10 2
V517 P517 10 3 8 6 6
V518 P518 3 6 7 4 6
V519 P519 2 2 2 3 8
V520 P520 8 10 9 9 3
V521 P521 7 1 6 7 2
V522 P522 9 10 10 7 1
V523 P523 8 9 9 4 4
V524 P524 4 9 6 5 2
V525 P525 10 6 5 10 5
V526 P526 7 1 10 4 5
V527 P527 6 10 5 1 10
V528 P528 9 2 9 2 3
V529 P529 2 1 2 5 3
V530 P530 3 5 8 6 2
V531 P531 2 2 7 8 5
V532 P532 3 3 9 6 7
V533 P533 2 4 3 2 9
V534 P534 3 8 9 6 9
V535 P535 2 8 5 10 4
V536 P536 9 7 7 2 6
V537 P537 1 7 1 1 5
V538 P538 3 1 2 10 7
V539 P539 10 5 5 1 3
V540 P540 10 3 6 6 2
V541 P541 10 1 4 8 6
V542 P542 2 7 2 1 10
V543 P543 10 4 5 10 8
V544 P544 10 2 10 1 2
V545 P545 2 8 8 1 1
V546 P546 9 10 1 6 6
V547 P547 8 2 3 7 9
V548 P548 7 9 7 2 9
V549 P549 2 3 5 7 7
V550 P550 2 10 8 5 9
V551 P551 4 6 9 5 5
V552 P552 2 3 4 7 4
V553 P553 8 7 5 6 1
V554 P554 5 7 4 9 5
V555 P555 3 2 10 4 7
V556 P556 2 7 4 8 5
V557 P557 10 10 3 8 8
V558 P558 3 10 5 3 6
V559 P559 3 6 1 3 2
V560 P560 3 4 6 4 4
V561 P561 4 6 6 5 10
V562 P562 9 7 8 6 10
V563 P563 2 8 3 8 4
V564 P564 6 7 7 3 2
V565 P565 3 7 5 10 7
V566 P566 5 6 6 7 6
V567 P567 8 5 9 5 10
V568 P568 1 2 7 2 7
V569 P569 2 9 9 8 4
V570 P570 8 1 7 8 6
V571 P571 8 3 4 7 5
V572 P572 9 6 10 10 9
V573 P573 1 3 2 4 10
V574 P574 7 10 3 6 1
V575 P575 2 10 8 6 9
V576 P576 9 8 8 8 10
V577 P577 2 9 2 10 9
V578 P578 4 8 5 6 1
V579 P579 6 4 4 2 4
V580 P580 3 10 4 7 9
V581 P581 4 6 2 9 3
V582 P582 9 9 6 10 7
V583 P583 7 3 3 3 3
V584 P584 7 10 5 6 4
V585 P585 3 3 10 3 10
V586 P586 5 8 8 4 10
V587 P587 7 7 7 7 9
V588 P588 7 1 6 6 7
V589 P589 5 3 1 9 5
V590 P590 9 2 5 7 3
V591 P591 2 2 5 2 6
V592 P592 7 10 10 10 1
V593 P593 1 1 9 5 9
V594 P594 7 2 2 2 2
V595 P595 2 7 9 2 1
V596 P596 10 2 7 7 5
V597 P597 1 5 2 9 5
V598 P598 8 7 7 10 3
V599 P599 8 10 10 7 6
V600 P600 2 10 8 7 7
V601 P601 4 7 4 1 8
V602 P602 4 8 7 10 1
V603 P603 3 10 7 9 5
V604 P604 7 5 2 4 5
V605 P605 4 4 9 10 3
V606 P606 2 1 1 2 9
V607 P607 7 1 1 4 4
V608 P608 1 8 9 6 2
V609 P609 4 1 8 3 7
V610 P610 7 4 4 7 8
V611 P611 7 4 9 2 5
V612 P612 5 2 9 4 1
V613 P613 3 9 3 4 8
V614 P614 1 1 5 4 2
V615 P615 9 4 1 8 1
V616 P616 10 3 8 6 4
V617 P617 3 7 6 8 10
V618 P618 5 4 1 8 2
V619 P619 6 2 5 7 8
V620 P620 3 2 3 2 2
V621 P621 4 5 2 2 8
V622 P622 10 2 7 9 10
V623 P623 4 7 6 9 5
V624 P624 6 3 6 4 3
V625 P625 9 1 2 7 4
V626 P626 2 7 4 4 1
V627 P627 1 5 5 3 10
V628 P628 5 9 6 5 5
V629 P629 4 5 5 7 1
V630 P630 9 10 8 4 3
V631 P631 10 2 7 9 6
V632 P632 8 8 1 7 1
V633 P633 6 7 1 8 3
V634 P634 10 2 10 8 5
V635 P635 4 2 9 10 9
V636 P636 9 9 7 10 1
V637 P637 5 2 1 9 10
V638 P638 9 3 5 7 10
V639 P639 7 2 8 4 10
V640 P640 2 7 7 6 6
V641 P641 6 1 1 9 9
V642 P642 3 3 8 8 7
V643 P643 7 2 10 6 2
V644 P644 6 8 8 9 5
V645 P645 2 8 10 4 6
V646 P646 7 5 8 7 5
V647 P647 8 5 9 10 4
V648 P648 5 3 7 3 6
V649 P649 4 7 3 6 3
V650 P650 5 3 4 9 7
V651 P651 4 4 2 10 2
V652 P652 3 4 10 9 3
V653 P653 8 5 4 4 6
V654 P654 8 1 9 7 8
V655 P655 10 5 9 10 10
V656 P656 2 4 6 8 9
V657 P657 10 5 1 3 8
V658 P658 9 5 5 3 3
V659 P659 9 3 2 9 8
V660 P660 8 6 9 10 9
V661 P661 1 4 1 4 2
V662 P662 9 8 8 5 2
V663 P663 6 10 7 10 9
V664 P664 4 10 6 8 6
V665 P665 1 7 9 10 7
V666 P666 8 10 5 10 10
V667 P667 7 10 5 6 9
V668 P668 5 9 3 6 8
V669 P669 1 1 9 1 8
V670 P670 3 9 1 9 10
V671 P671 3 8 8 10 3
V672 P672 7 8 4 6 6
V673 P673 8 8 5 3 10
V674 P674 6 9 3 10 7
V675 P675 2 8 8 5 7
V676 P676 6 10 5 8 6
V677 P677 6 2 5 4 9
V678 P678 7 1 10 10 10
V679 P679 2 5 4 3 9
V680 P680 7 2 9 8 8
V681 P681 5 1 1 3 9
V682 P682 10 9 6 3 9
V683 P683 3 8 2 6 10
V684 P684 10 5 3 1 2
V685 P685 7 7 7 7 6
V686 P686 7 9 9 9 1
V687 P687 10 5 1 5 4
V688 P688 1 9 8 9 4
V689 P689 4 9 3 6 1
V690 P690 2 5 8 6 8
V691 P691 7 8 4 9 9
V692 P692 9 9 3 5 1
V693 P693 6 5 1 6 9
V694 P694 5 5 8 9 10
V695 P695 6 6 8 3 7
V696 P696 7 2 5 2 3
V697 P697 9 3 7 9 1
V698 P698 5 8 5 3 2
V699 P699 5 8 1 8 6
V700 P700 4 1 10 5 5
V701 P701 10 10 7 8 2
V702 P702 9 9 2 8 6
V703 P703 6 9 2 9 4
V704 P704 1 6 3 9 1
V705 P705 5 8 4 10 8
V706 P706 10 10 7 9 10
V707 P707 7 8 6 1 5
V708 P708 1 2 7 3 5
V709 P709 3 3 5 9 9
V710 P710 10 1 3 3 3
V711 P711 9 9 3 7 3
V712 P712 10 5 3 2 2
V713 P713 7 3 7 1 2
V714 P714 9 9 8 2 8
V715 P715 1 7 4 2 9
V716 P716 3 4 5 8 6
V717 P717 10 6 7 1 6
V718 P718 3 8 5 5 10
V719 P719 5 7 6 5 1
V720 P720 2 4 2 4 7
V721 P721 10 5 2 4 10
V722 P722 3 6 1 7 6
V723 P723 4 9 10 3 4
V724 P724 2 5 10 3 7
V725 P725 4 6 8 4 1
V726 P726 2 10 5 4 1
V727 P727 10 7 3 9 9
V728 P728 3 5 4 3 7
V729 P729 8 4 9 4 4
V730 P730 2 2 8 1 8
V731 P731 8 3 9 7 8
V732 P732 8 1 2 4 3
V733 P733 8 1 1 9 6
V734 P734 6 8 9 8 1
V735 P735 10 8 10 3 5
V736 P736 3 8 5 2 5
V737 P737 1 8 6 6 8
V738 P738 6 5 5 10 10
V739 P739 10 6 8 1 5
V740 P740 3 10 6 8 6
V741 P741 4 1 4 6 10
V742 P742 4 4 7 6 6
V743 P743 10 1 6 10 1
V744 P744 10 6 5 8 8
V745 P745 2 6 10 6 6
V746 P746 1 9 9 3 2
V747 P747 6 8 2 1 3
V748 P748 2 5 6 6 1
V749 P749 9 9 2 5 6
V750 P750 6 9 5 9 3
V751 P751 6 8 1 1 1
V752 P752 9 3 8 7 4
V753 P753 7 4 5 4 10
V754 P754 10 4 4 6 5
V755 P755 2 10 6 7 9
V756 P756 6 10 7 2 9
V757 P757 7 3 6 1 5
V758 P758 1 3 7 5 6
V759 P759 1 2 4 4 3
V760 P760 1 3 6 2 4
V761 P761 6 10 3 3 10
V762 P762 6 3 3 3 5
V763 P763 8 10 4 7 10
V764 P764 2 7 10 3 6
V765 P765 3 3 8 3 9
V766 P766 7 7 9 8 7
V767 P767 1 5 4 6 5
V768 P768 1 5 7 7 1
V769 P769 10 5 7 6 3
V770 P770 6 8 8 6 4
V771 P771 8 10 10 7 4
V772 P772 9 5 5 1 2
V773 P773 5 9 2 4 4
V774 P774 3 8 6 4 1
V775 P775 3 5 2 9 4
V776 P776 9 3 4 7 4
V777 P777 6 10 5 10 5
V778 P778 4 7 3 4 5
V779 P779 10 5 8 3 10
V780 P780 10 8 3 7 8
V781 P781 5 5 1 2 1
V782 P782 4 8 10 9 10
V783 P783 9 5 4 2 8
V784 P784 9 1 3 4 1
V785 P785 2 2 8 9 1
V786 P786 1 10 10 9 7
V787 P787 7 8 9 5 3
V788 P788 3 4 1 4 5
V789 P789 1 9 6 4 6
V790 P790 1 5 3 6 9
V791 P791 10 1 1 10 9
V792 P792 10 2 1 6 4
V793 P793 7 8 2 5 7
V794 P794 3 7 9 5 2
V795 P795 9 1 7 4 9
V796 P796 6 3 3 5 2
V797 P797 6 6 8 4 10
V798 P798 10 3 10 7 5
V799 P799 5 1 5 9 4
V800 P800 10 8 6 4 8
V801 P801 10 2 4 2 9
V802 P802 10 8 8 4 2
V803 P803 5 6 6 9 8
V804 P804 7 5 9 3 5
V805 P805 6 5 10 8 7
V806 P806 2 10 5 3 1
V807 P807 3 5 6 10 9
V808 P808 10 2 4 5 6
V809 P809 4 7 8 1 2
V810 P810 9 10 9 5 3
V811 P811 2 6 2 8 6
V812 P812 6 3 8 1 7
V813 P813 2 3 5 2 3
V814 P814 5 9 4 1 3
V815 P815 6 10 6 9 6
V816 P816 3 3 6 7 5
V817 P817 3 9 7 3 2
V818 P818 2 2 6 6 5
V819 P819 7 8 7 6 6
V820 P820 5 9 1 10 8
V821 P821 6 8 1 2 5
V822 P822 2 6 6 10 8
V823 P823 3 6 6 8 6
V824 P824 6 8 2 1 7
V825 P825 10 9 2 10 3
V826 P826 8 4 10 7 3
V827 P827 7 3 5 4 2
V828 P828 10 8 5 1 10
V829 P829 3 2 6 9 1
V830 P830 9 7 9 3 3
V831 P831 1 4 6 1 1
V832 P832 7 6 6 4 3
V833 P833 2 2 6 9 3
V834 P834 2 2 8 3 8
V835 P835 10 8 6 5 4
V836 P836 5 8 3 4 10
V837 P837 5 4 5 8 10
V838 P838 6 8 1 6 5
V839 P839 7 2 6 2 7
V840 P840 3 10 4 10 5
V841 P841 4 1 8 9 8
V842 P842 3 2 5 7 9
V843 P843 6 5 8 6 9
V844 P844 4 5 2 6 1
V845 P845 7 8 10 4 10
V846 P846 5 9 3 10 8
V847 P847 9 3 4 5 6
V848 P848 1 7 7 8 4
V849 P849 9 8 4 2 5
V850 P850 6 4 2 5 7
V851 P851 7 4 9 6 1
V852 P852 4 9 4 6 3
V853 P853 1 3 2 2 6
V854 P854 9 1 1 1 8
V855 P855 5 4 5 1 2
V856 P856 7 2 8 6 2
V857 P857 3 4 7 2 3
V858 P858 9 3 4 6 6
V859 P859 9 8 2 1 5
V860 P860 6 4 10 6 7
V861 P861 1 5 6 9 7
V862 P862 5 9 6 7 10
V863 P863 6 9 3 9 7
V864 P864 7 6 1 8 2
V865 P865 2 1 2 6 2
V866 P866 7 5 6 6 3
V867 P867 10 7 5 8 6
V868 P868 1 5 2 10 9
V869 P869 2 1 6 7 3
V870 P870 2 4 7 7 7
V871 P871 3 4 8 1 1
V872 P872 9 2 8 2 6
V873 P873 9 7 7 7 1
V874 P874 6 9 10 3 5
V875 P875 10 2 8 2 9
V876 P876 9 6 2 8 4
V877 P877 4 1 7 10 4
V878 P878 4 8 3 7 1
V879 P879 7 4 5 10 3
V880 P880 4 4 3 1 4
V881 P881 6 9 7 8 10
V882 P882 9 8 6 1 10
V883 P883 10 2 1 9 6
V884 P884 1 3 5 4 8
V885 P885 4 5 3 1 7
V886 P886 5 3 6 9 5
V887 P887 4 8 8 3 2
V888 P888 6 2 7 2 5
V889 P889 5 4 3 10 4
V890 P890 10 6 8 9 1
V891 P891 5 8 10 1 8
V892 P892 6 9 10 9 2
V893 P893 8 9 2 9 1
V894 P894 7 1 10 2 5
V895 P895 2 9 3 8 10
V896 P896 5 9 9 3 10
V897 P897 10 4 6 2 10
V898 P898 10 5 8 10 8
V899 P899 2 4 6 3 8
V900 P900 5 4 4 7 8
V901 P901 8 6 8 1 6
V902 P902 4 6 4 6 7
V903 P903 6 4 3 5 10
V904 P904 10 9 3 8 10
V905 P905 8 8 6 6 7
V906 P906 1 6 6 5 1
V907 P907 6 10 10 5 2
V908 P908 3 4 2 4 8
V909 P909 8 3 4 9 7
V910 P910 7 7 5 1 10
V911 P911 8 1 8 4 4
V912 P912 1 5 8 3 4
V913 P913 7 8 5 10 1
V914 P914 1 10 1 8 6
V915 P915 6 10 5 5 4
V916 P916 5 3 6 9 4
V917 P917 4 10 10 7 3
V918 P918 4 7 3 8 4
V919 P919 5 7 5 2 6
V920 P920 5 10 5 9 4
V921 P921 10 4 7 7 5
V922 P922 5 10 10 9 6
V923 P923 4 9 10 7 10
V924 P924 8 3 8 8 1
V925 P925 8 9 3 4 4
V926 P926 9 9 1 6 1
V927 P927 4 3 1 10 10
V928 P928 2 10 10 7 2
V929 P929 9 7 9 8 3
V930 P930 7 9 2 8 3
V931 P931 1 3 1 3 4
V932 P932 2 5 9 4 4
V933 P933 1 7 6 6 9
V934 P934 3 7 8 9 7
V935 P935 4 10 4 5 10
V936 P936 10 5 2 3 1
V937 P937 9 8 4 4 10
V938 P938 10 10 7 2 8
V939 P939 10 10 8 8 10
V940 P940 3 9 3 7 9
V941 P941 1 8 10 2 1
V942 P942 9 3 10 6 5
V943 P943 5 2 1 7 4
V944 P944 4 4 5 8 5
V945 P945 3 2 8 2 9
V946 P946 1 5 1 8 10
V947 P947 10 2 7 5 8
V948 P948 10 10 9 8 3
V949 P949 5 2 8 7 2
V950 P950 5 5 8 7 10
V951 P951 5 4 3 1 5
V952 P952 2 5 8 4 4
V953 P953 5 4 9 7 8
V954 P954 8 1 8 3 5
V955 P955 8 4 4 7 9
V956 P956 5 1 5 6 5
V957 P957 2 2 7 9 10
V958 P958 4 6 6 3 4
V959 P959 10 6 5 4 10
V960 P960 5 8 8 9 8
V961 P961 10 2 7 10 6
V962 P962 9 6 10 3 1
V963 P963 6 8 8 4 6
V964 P964 8 9 4 7 1
V965 P965 10 8 8 10 4
V966 P966 10 8 2 7 10
V967 P967 7 2 8 8 9
V968 P968 1 10 10 7 9
V969 P969 9 3 3 7 3
V970 P970 5 9 4 1 3
V971 P971 9 8 8 3 6
V972 P972 1 2 6 5 2
V973 P973 3 2 8 5 8
V974 P974 4 1 1 9 1
V975 P975 6 2 1 1 4
V976 P976 2 10 10 1 9
V977 P977 3 8 2 5 5
V978 P978 1 1 4 8 10
V979 P979 5 5 4 9 3
V980 P980 5 9 7 9 2
V981 P981 9 2 6 10 7
V982 P982 4 3 3 4 7
V983 P983 2 1 2 2 6
V984 P984 8 8 5 3 5
V985 P985 10 3 8 3 2
V986 P986 6 5 8 6 6
V987 P987 4 2 7 6 3
V988 P988 6 5 4 9 3
V989 P989 3 9 4 2 10
V990 P990 9 7 3 6 8
V991 P991 6 5 6 1 9
V992 P992 1 6 3 7 10
V993 P993 2 2 4 1 9
V994 P994 8 10 10 1 9
V995 P995 6 5 10 7 10
V996 P996 7 2 5 8 7
V997 P997 5 3 6 1 10
V998 P998 3 9 2 7 3
V999 P999 1 8 3 6 10
V1000 P1000 3 4 4 1 5
