V1 P1 8 7 7 3 9
V2 P2 3 6 4 5 3
V3 P3 7 1 4 3 4
V4 P4 4 10 8 1 6
V5 P5 6 5 8 3 3
V6 P6 1 10 10 2 8
V7 P7 4 5 1 2 3
V8 P8 10 10 10 7 4
V9 P9 8 10 4 10 7
V10 P10 1 6 3 9 9
V11 P11 9 6 10 5 4
V12 P12 7 8 5 7 2
V13 P13 7 5 1 7 8
V14 P14 2 2 5 4 8
V15 P15 9 7 6 9 10
V16 P16 3 9 10 7 1
V17 P17 9 10 10 3 3
V18 P18 4 4 3 2 8
V19 P19 10 3 6 9 10
V20 P20 8 5 3 5 1
V21 P21 7 4 7 3 4
V22 P22 7 6 10 4 5
V23 P23 10 4 3 3 9
V24 P24 1 8 2 9 9
V25 P25 3 7 5 6 5
V26 P26 10 6 5 8 10
V27 P27 6 6 6 6 7
V28 P28 5 9 7 4 10
V29 P29 5 3 8 7 2
V30 P30 6 3 1 5 9
V31 P31 8 2 4 5 1
V32 P32 4 5 5 5 8
V33 P33 1 9 10 8 9
V34 P34 3 5 7 9 8
V35 P35 10 5 10 2 8
V36 P36 2 6 1 10 8
V37 P37 5 2 10 3 5
V38 P38 3 8 6 10 9
V39 P39 2 5 10 3 9
V40 P40 3 7 3 5 1
V41 P41 6 10 4 7 5
V42 P42 8 8 6 8 4
V43 P43 4 2 4 7 1
V44 P44 9 1 2 3 9
V45 P45 4 9 4 1 8
V46 P46 2 1 3 2 7
V47 P47 6 4 3 4 7
V48 P48 2 2 3 7 3
V49 P49 7 1 6 2 5
V50 P50 10 6 4 1 8
V51 P51 5 8 10 1 5
V52 P52 2 5 3 10 9
V53 P53 6 9 3 4 9
V54 P54 5 1 10 5 6
V55 P55 7 6 7 4 8
V56 P56 1 9 10 9 7
V57 P57 2 2 10 7 5
V58 P58 9 4 3 8 6
V59 P59 4 9 7 9 9
V60 P60 2 1 7 4 10
V61 P61 6 10 4 3 7
V62 P62 10 3 1 6 3
V63 P63 3 2 10 10 3
V64 P64 9 8 7 8 6
V65 P65 2 4 8 2 5
V66 P66 4 4 9 5 3
V67 P67 7 4 1 7 10
V68 P68 7 10 9 3 5
V69 P69 3 1 7 10 7
V70 P70 2 6 2 4 6
V71 P71 4 10 7 6 2
V72 P72 3 6 9 6 8
V73 P73 8 9 6 9 3
V74 P74 6 7 4 6 3
V75 P75 1 7 9 6 3
V76 P76 2 3 1 4 9
V77 P77 9 2 4 6 8
V78 P78 2 3 10 3 3
V79 P79 4 2 9 10 10
V80 P80 7 3 2 6 3
V81 P81 1 5 2 9 2
V82 P82 3 9 10 2 9
V83 P83 10 6 7 10 3
V84 P84 7 3 5 5 3
V85 P85 10 8 5 7 7
V86 P86 3 4 4 10 5
V87 P87 6 8 6 1 6
V88 P88 2 5 1 5 1
V89 P89 8 9 8 5 6
V90 P90 6 3 9 7 6
V91 P91 3 6 7 4 6
V92 P92 7 8 9 6 8
V93 P93 7 7 9 8 5
V94 P94 9 4 3 10 9
V95 P95 6 8 9 1 10
V96 P96 7 2 7 7 1
V97 P97 3 5 6 5 6
V98 P98 3 3 10 2 9
V99 P99 5 3 5 9 10
V100 P100 10 1 10 1 6
